31148079
34089528
35177596
28154995
36684564
37797187
37443325
21326104
29989826
33378797
29796658
34435183
36835067
36509005
38054090
33284435
26349486
34067456
26676951
30896295
25336246
30925918
31068603
28599847
29330502
30710266
34538705
22211116
32648727
15332612
36232340
32468492
26126411
33227488
35743000
30830487
23420382
36035798
36672538
35159255
21595824
26980715
33477984
31655100
34702512
25471635
34768764
31502220
12030326
29967964
33972508
24670384
26818588
30502050
31174864
33497035
36769166
25782087
26700320
16144726
29910186
25280844
24663399
25208302
38084664
25896882
19397793
25892510
28401154
35028432
24217771
17099219
30036732
16546559
21245098
14558084
25609254
11571782
32572700
23412390
31811191
16216307
31467116
20376477
30367460
29306762
28615209
36826850
28152600
30886214
9274632
9049257
33452240
27245368
18085206
32872458
31148088
22526889
35208000
1631319
29176724
25871442
24885810
22170508
16848633
16003782
25736291
25739758
32698008
29954216
18638304
26272817
11907221
18024723
29311148
10773569
30692994
30464253
23457584
11844026
25421839
31022207
11705731
20351781
14644028
24475753
18385497
33919968
17323175
26004778
33022222
31465481
28467385
12209777
31811202
32623369
24080258
31658853
15007838
2043111
26883175
16970285
10415585
29662076
12701144
22715356
30984775
16179582
26673966
28788456
26059545
28137808
22558207
9761763
27587367
18503568
17560936
30243732
12057767
31381296
15345499
12847681
12690471
25587671
26507090
24867825
28041746
24200308
25008111
11739004
23966470
28774590
9502126
12189145
15164093
15923238
21235791
16970286
11046025
17573968
17105852
19293161
22349184
2522246
26248379
19360887
15109835
7947192
9631189
33051808
15053922
15041757
16382966
15020162
16401722
18626955
9666833
15244262